{
 "cells": [
  {
   "cell_type": "code",
   "execution_count": 1,
   "metadata": {},
   "outputs": [],
   "source": [
    "import json\n",
    "from matplotlib import pyplot as plt\n",
    "import numpy as np\n",
    "from scipy.spatial.transform import Rotation"
   ]
  },
  {
   "cell_type": "code",
   "execution_count": 2,
   "metadata": {},
   "outputs": [],
   "source": [
    "PVC_H=104.5/100\n",
    "BLACK_H=115/100"
   ]
  },
  {
   "cell_type": "code",
   "execution_count": 3,
   "metadata": {},
   "outputs": [],
   "source": [
    "# load json data from a file\n",
    "def load_json(file_path):\n",
    "    with open(file_path, 'r') as file:\n",
    "        data = json.load(file)\n",
    "    return [\n",
    "        (\n",
    "            (\n",
    "                t[\"odom\"][\"pose\"][\"pose\"]['position']['x'],\n",
    "                t[\"odom\"][\"pose\"][\"pose\"]['position']['y'],\n",
    "                t[\"odom\"][\"pose\"][\"pose\"]['position']['z']\n",
    "            ),\n",
    "            (\n",
    "                t[\"odom\"][\"pose\"][\"pose\"]['orientation']['x'],\n",
    "                t[\"odom\"][\"pose\"][\"pose\"]['orientation']['y'],\n",
    "                t[\"odom\"][\"pose\"][\"pose\"]['orientation']['z'],\n",
    "                t[\"odom\"][\"pose\"][\"pose\"]['orientation']['w']\n",
    "            ),\n",
    "    \n",
    "        ) for t in data if t['expmt_flag']\n",
    "    ]"
   ]
  },
  {
   "cell_type": "code",
   "execution_count": 68,
   "metadata": {},
   "outputs": [],
   "source": [
    "def get_transform_mat(data):\n",
    "    pose = data[0]\n",
    "    rotation = Rotation.from_quat(data[1]).as_dcm()\n",
    "    \n",
    "    ret = np.eye(4)\n",
    "    ret[:3,:3] = rotation\n",
    "    ret[:3,3] = pose\n",
    "    print(ret)\n",
    "    return ret"
   ]
  },
  {
   "cell_type": "code",
   "execution_count": 114,
   "metadata": {},
   "outputs": [],
   "source": [
    "def get_transformed_data(data_1):\n",
    "    init_pos = np.array([-0.045, 0.0, 0, 1])\n",
    "    data0 = [(get_transform_mat(x)@init_pos)[:3] for x in data_1]\n",
    "    data1 = [x[0] for x in data_1]\n",
    "    return data0, data1"
   ]
  },
  {
   "cell_type": "code",
   "execution_count": 115,
   "metadata": {},
   "outputs": [],
   "source": [
    "data_1=load_json('May7Expmt1.json')\n",
    "data_2=load_json('May7Expmt2.json')\n",
    "data_3=load_json('May7Expmt3.json')\n",
    "data_4=load_json('ms_1.json')\n",
    "data_6=load_json('ms_3.json')"
   ]
  },
  {
   "cell_type": "code",
   "execution_count": 116,
   "metadata": {},
   "outputs": [
    {
     "name": "stdout",
     "output_type": "stream",
     "text": [
      "[[-2.07913578e-02  9.99750173e-01  8.20429690e-03 -3.02106212e-03]\n",
      " [-9.97759205e-01 -2.02265796e-02 -6.37765965e-02 -1.99313581e-01]\n",
      " [-6.35947185e-02 -9.51191479e-03  9.97930476e-01  1.92887630e-04]\n",
      " [ 0.00000000e+00  0.00000000e+00  0.00000000e+00  1.00000000e+00]]\n",
      "[[-3.98115521e-02  9.99195020e-01  4.93487674e-03 -1.04429293e-02]\n",
      " [-9.97150798e-01 -3.94124404e-02 -6.43190962e-02 -3.83424729e-01]\n",
      " [-6.40728250e-02 -7.48145933e-03  9.97917181e-01  2.19076144e-04]\n",
      " [ 0.00000000e+00  0.00000000e+00  0.00000000e+00  1.00000000e+00]]\n",
      "[[-4.96810678e-02  9.98718768e-01  9.62364710e-03 -1.83883887e-02]\n",
      " [-9.96847291e-01 -4.89865282e-02 -6.24163314e-02 -5.82161248e-01]\n",
      " [-6.18649325e-02 -1.26942165e-02  9.98003801e-01 -3.74824158e-04]\n",
      " [ 0.00000000e+00  0.00000000e+00  0.00000000e+00  1.00000000e+00]]\n",
      "[[-0.06492791  0.99783     0.01093902 -0.0295952 ]\n",
      " [-0.99585485 -0.06409186 -0.06453954 -0.77012914]\n",
      " [-0.06369839 -0.01508409  0.99785519 -0.00114676]\n",
      " [ 0.          0.          0.          1.        ]]\n",
      "[[-0.99655473 -0.06416525 -0.05254999 -0.21554902]\n",
      " [ 0.06453776 -0.99790054 -0.00542097 -0.82441229]\n",
      " [-0.05209182 -0.00879375  0.99860358  0.00137878]\n",
      " [ 0.          0.          0.          1.        ]]\n",
      "[[ 0.01450696 -0.99988524  0.00436458 -0.28835154]\n",
      " [ 0.99773613  0.01476218  0.06561017 -0.64904273]\n",
      " [-0.06566707  0.00340289  0.99783579  0.00278666]\n",
      " [ 0.          0.          0.          1.        ]]\n",
      "[[ 9.81520358e-01  1.81296662e-01  6.12315802e-02 -1.64026022e-01]\n",
      " [-1.81997744e-01  9.83280479e-01  6.02666059e-03 -4.76279855e-01]\n",
      " [-5.91152040e-02 -1.70592995e-02  9.98105392e-01  2.97453953e-05]\n",
      " [ 0.00000000e+00  0.00000000e+00  0.00000000e+00  1.00000000e+00]]\n",
      "[[-2.68551394e-01  9.63135634e-01 -1.58081835e-02 -1.49264157e-01]\n",
      " [-9.61376606e-01 -2.69015923e-01 -5.81846668e-02 -6.07599139e-01]\n",
      " [-6.02923790e-02 -4.27955591e-04  9.98180668e-01 -2.16776534e-04]\n",
      " [ 0.00000000e+00  0.00000000e+00  0.00000000e+00  1.00000000e+00]]\n",
      "[[-4.17950991e-01  9.08129097e-01 -2.48699255e-02 -2.31645063e-01]\n",
      " [-9.06672629e-01 -4.18688939e-01 -5.14229265e-02 -7.90211201e-01]\n",
      " [-5.71114185e-02  1.05661764e-03  9.98367252e-01  3.62921674e-05]\n",
      " [ 0.00000000e+00  0.00000000e+00  0.00000000e+00  1.00000000e+00]]\n",
      "[[-4.42346526e-01  8.96538424e-01 -2.34180512e-02 -3.12435806e-01]\n",
      " [-8.94782217e-01 -4.42948655e-01 -5.62251962e-02 -9.58872736e-01]\n",
      " [-6.07810431e-02 -3.91696442e-03  9.98143438e-01  3.59248836e-04]\n",
      " [ 0.00000000e+00  0.00000000e+00  0.00000000e+00  1.00000000e+00]]\n",
      "[[-4.69739278e-01  8.82557461e-01 -2.09126482e-02 -4.01503772e-01]\n",
      " [-8.81169831e-01 -4.70178757e-01 -4.97158399e-02 -1.12991333e+00]\n",
      " [-5.37097684e-02 -4.92588809e-03  9.98544439e-01  1.03990140e-03]\n",
      " [ 0.00000000e+00  0.00000000e+00  0.00000000e+00  1.00000000e+00]]\n",
      "[[-0.49408697  0.8690899  -0.02368158 -0.4992305 ]\n",
      " [-0.86755917 -0.49462837 -0.05180596 -1.30413318]\n",
      " [-0.05673762 -0.00505148  0.99837634  0.00237124]\n",
      " [ 0.          0.          0.          1.        ]]\n",
      "[[-2.19156255e-02  9.99739606e-01  6.35813847e-03 -1.49672269e-03]\n",
      " [-9.97978248e-01 -2.14966309e-02 -5.98106348e-02 -1.96706682e-01]\n",
      " [-5.96583819e-02 -7.65607136e-03  9.98189492e-01  9.39705875e-04]\n",
      " [ 0.00000000e+00  0.00000000e+00  0.00000000e+00  1.00000000e+00]]\n",
      "[[-0.02797693  0.99957389  0.00832659 -0.00463057]\n",
      " [-0.99759865 -0.02739174 -0.06361312 -0.38912871]\n",
      " [-0.06335793 -0.0100863   0.9979399   0.00250071]\n",
      " [ 0.          0.          0.          1.        ]]\n",
      "[[-0.03640984  0.99929269  0.00940486 -0.01126983]\n",
      " [-0.99722033 -0.03571892 -0.06538933 -0.58672976]\n",
      " [-0.06500715 -0.01175953  0.99781551  0.00109785]\n",
      " [ 0.          0.          0.          1.        ]]\n",
      "[[-4.34178218e-02  9.99023826e-01  8.14176861e-03 -2.13903263e-02]\n",
      " [-9.96979141e-01 -4.28007535e-02 -6.48127151e-02 -7.73298681e-01]\n",
      " [-6.44009728e-02 -1.09312004e-02  9.97864231e-01  4.85320401e-04]\n",
      " [ 0.00000000e+00  0.00000000e+00  0.00000000e+00  1.00000000e+00]]\n",
      "[[-0.99779709 -0.03054654 -0.05888875 -0.17301397]\n",
      " [ 0.03100686 -0.99949523 -0.00691876 -0.80603212]\n",
      " [-0.05864768 -0.00872948  0.99824057  0.00278787]\n",
      " [ 0.          0.          0.          1.        ]]\n",
      "[[ 0.04334454 -0.99905966  0.00102421 -0.22715442]\n",
      " [ 0.99686783  0.04331728  0.06616747 -0.64234   ]\n",
      " [-0.06614962 -0.00184699  0.99780801  0.0070935 ]\n",
      " [ 0.          0.          0.          1.        ]]\n",
      "[[ 0.97832797  0.1962779   0.06594974 -0.07700033]\n",
      " [-0.19642992  0.98050872 -0.00423507 -0.60018247]\n",
      " [-0.06549555 -0.00881122  0.99781396  0.0149576 ]\n",
      " [ 0.          0.          0.          1.        ]]\n",
      "[[-2.43762018e-01  9.69793189e-01 -9.01379458e-03 -6.42581359e-02]\n",
      " [-9.67780495e-01 -2.43839760e-01 -6.27939881e-02 -7.28825986e-01]\n",
      " [-6.30951035e-02 -6.58341467e-03  9.97985805e-01  7.04342674e-04]\n",
      " [ 0.00000000e+00  0.00000000e+00  0.00000000e+00  1.00000000e+00]]\n",
      "[[-4.29684736e-01  9.02720655e-01 -2.15973585e-02 -1.50298059e-01]\n",
      " [-9.00685185e-01 -4.30174349e-01 -6.09608633e-02 -9.16502714e-01]\n",
      " [-6.43212601e-02 -6.74153163e-03  9.97906472e-01 -7.68913073e-04]\n",
      " [ 0.00000000e+00  0.00000000e+00  0.00000000e+00  1.00000000e+00]]\n",
      "[[-4.55998492e-01  8.89715055e-01 -2.17369713e-02 -2.38956198e-01]\n",
      " [-8.87902208e-01 -4.56466102e-01 -5.71696347e-02 -1.09132993e+00]\n",
      " [-6.07868752e-02 -6.76896240e-03  9.98127816e-01 -6.62116741e-04]\n",
      " [ 0.00000000e+00  0.00000000e+00  0.00000000e+00  1.00000000e+00]]\n",
      "[[-4.74192834e-01  8.80196183e-01 -1.98956188e-02 -3.32320869e-01]\n",
      " [-8.78631448e-01 -4.74548223e-01 -5.30166235e-02 -1.26634610e+00]\n",
      " [-5.61064602e-02 -7.65918656e-03  9.98395414e-01  3.45713226e-04]\n",
      " [ 0.00000000e+00  0.00000000e+00  0.00000000e+00  1.00000000e+00]]\n",
      "[[-4.88753101e-01  8.72028646e-01 -2.62001267e-02 -4.32511181e-01]\n",
      " [-8.70352347e-01 -4.89441068e-01 -5.41685607e-02 -1.44396102e+00]\n",
      " [-6.00599546e-02 -3.67171028e-03  9.98188019e-01  2.26406628e-05]\n",
      " [ 0.00000000e+00  0.00000000e+00  0.00000000e+00  1.00000000e+00]]\n",
      "[[-1.72719919e-02  9.99843519e-01  3.82309931e-03 -3.87453055e-03]\n",
      " [-9.98290298e-01 -1.70313610e-02 -5.59143406e-02 -2.02069864e-01]\n",
      " [-5.58404785e-02 -4.78231499e-03  9.98428250e-01  7.97828427e-04]\n",
      " [ 0.00000000e+00  0.00000000e+00  0.00000000e+00  1.00000000e+00]]\n",
      "[[-3.35279577e-02  9.99415434e-01  6.68335137e-03 -9.58706345e-03]\n",
      " [-9.97776461e-01 -3.30860685e-02 -5.78571154e-02 -4.04467285e-01]\n",
      " [-5.76021683e-02 -8.60832160e-03  9.98302503e-01  9.92647372e-04]\n",
      " [ 0.00000000e+00  0.00000000e+00  0.00000000e+00  1.00000000e+00]]\n",
      "[[-4.21642005e-02  9.99081403e-01  7.65054522e-03 -1.71795227e-02]\n",
      " [-9.97436316e-01 -4.16491741e-02 -5.81905661e-02 -6.06383681e-01]\n",
      " [-5.78184735e-02 -1.00844903e-02  9.98276178e-01 -4.59956995e-04]\n",
      " [ 0.00000000e+00  0.00000000e+00  0.00000000e+00  1.00000000e+00]]\n",
      "[[-0.06200027  0.99799602  0.01264547 -0.02455254]\n",
      " [-0.99643761 -0.06116783 -0.05805667 -0.80154747]\n",
      " [-0.05716683 -0.01619995  0.9982332  -0.00112711]\n",
      " [ 0.          0.          0.          1.        ]]\n",
      "[[-0.98913146 -0.1374327  -0.05226093 -0.211409  ]\n",
      " [ 0.13743773 -0.99050417  0.00351458 -0.86129487]\n",
      " [-0.05224769 -0.00370625  0.99862728 -0.00427702]\n",
      " [ 0.          0.          0.          1.        ]]\n",
      "[[ 0.16631105 -0.9860383   0.00831294 -0.28561801]\n",
      " [ 0.98376729  0.16649244  0.06694911 -0.64010525]\n",
      " [-0.06739843 -0.00295638  0.99772176  0.0017477 ]\n",
      " [ 0.          0.          0.          1.        ]]\n",
      "[[ 0.97302051  0.22148533  0.06461686 -0.11203012]\n",
      " [-0.22222449  0.97498562  0.00439464 -0.61830074]\n",
      " [-0.06202716 -0.01863552  0.99790047  0.01030925]\n",
      " [ 0.          0.          0.          1.        ]]\n",
      "[[-0.19893327  0.98001251 -0.00101845 -0.11249402]\n",
      " [-0.97868382 -0.19871745 -0.05185904 -0.72131479]\n",
      " [-0.0510249  -0.00931975  0.9986539   0.01073245]\n",
      " [ 0.          0.          0.          1.        ]]\n",
      "[[-0.40590593  0.9137698  -0.01628256 -0.19615573]\n",
      " [-0.9124211  -0.40619639 -0.04992223 -0.91693449]\n",
      " [-0.05223135 -0.00540718  0.99862037  0.01353646]\n",
      " [ 0.          0.          0.          1.        ]]\n",
      "[[-0.42742506  0.90397152 -0.01197116 -0.27309614]\n",
      " [-0.90280802 -0.42749415 -0.04675922 -1.08434665]\n",
      " [-0.0473866  -0.0091784   0.99883445  0.01554386]\n",
      " [ 0.          0.          0.          1.        ]]\n",
      "[[-0.4501186   0.89290504 -0.01066925 -0.36073473]\n",
      " [-0.89204857 -0.45016494 -0.04001105 -1.26005578]\n",
      " [-0.04052899 -0.00849222  0.99914227  0.01816598]\n",
      " [ 0.          0.          0.          1.        ]]\n",
      "[[-0.47695936  0.87877868 -0.01605635 -0.4549022 ]\n",
      " [-0.87775795 -0.4771876  -0.0428133  -1.43281233]\n",
      " [-0.0452853  -0.00632662  0.99895406  0.02103514]\n",
      " [ 0.          0.          0.          1.        ]]\n",
      "[[-0.065269    0.99756408  0.02461433 -0.01526105]\n",
      " [-0.99736853 -0.06443637 -0.03322602 -0.18886575]\n",
      " [-0.03155902 -0.02671819  0.99914472 -0.00413231]\n",
      " [ 0.          0.          0.          1.        ]]\n",
      "[[-0.07809454  0.99667834  0.02309834 -0.02262659]\n",
      " [-0.99661294 -0.0774487  -0.02764678 -0.27961901]\n",
      " [-0.02576601 -0.02517917  0.99935085 -0.00579905]\n",
      " [ 0.          0.          0.          1.        ]]\n",
      "[[-0.08842365  0.99577452  0.02478642 -0.03166179]\n",
      " [-0.99571141 -0.08768369 -0.02950198 -0.3816984 ]\n",
      " [-0.02720395 -0.0272888   0.99925736 -0.00675313]\n",
      " [ 0.          0.          0.          1.        ]]\n",
      "[[-0.0969      0.994909    0.0276852  -0.04116871]\n",
      " [-0.9949477  -0.09609495 -0.02906612 -0.48678941]\n",
      " [-0.02625773 -0.03036183  0.99919402 -0.00692201]\n",
      " [ 0.          0.          0.          1.        ]]\n",
      "[[-0.10788256  0.99377658  0.02773922 -0.05156767]\n",
      " [-0.99386983 -0.10713038 -0.02730996 -0.59266061]\n",
      " [-0.02416828 -0.03051544  0.99924206 -0.01033403]\n",
      " [ 0.          0.          0.          1.        ]]\n",
      "[[-0.11577217  0.99296911  0.02468105 -0.06567674]\n",
      " [-0.99287013 -0.11497906 -0.03144407 -0.68618518]\n",
      " [-0.02838519 -0.02814543  0.99920074 -0.00956892]\n",
      " [ 0.          0.          0.          1.        ]]\n",
      "[[-0.97904389  0.20311815 -0.01469998 -0.16555963]\n",
      " [-0.20270863 -0.97890925 -0.02541431 -0.70945448]\n",
      " [-0.01955206 -0.02190192  0.99956892 -0.00375701]\n",
      " [ 0.          0.          0.          1.        ]]\n",
      "[[-0.99912746  0.03573662 -0.02161504 -0.27782083]\n",
      " [-0.03527426 -0.99914838 -0.02140636 -0.70926887]\n",
      " [-0.02236162 -0.02062523  0.99953717 -0.00251539]\n",
      " [ 0.          0.          0.          1.        ]]\n",
      "[[-0.99969236 -0.00995913 -0.02271545 -0.38658285]\n",
      " [ 0.0104518  -0.99971046 -0.02167399 -0.70419377]\n",
      " [-0.02249302 -0.02190474  0.999507   -0.00334635]\n",
      " [ 0.          0.          0.          1.        ]]\n",
      "[[-0.99950375 -0.02452002 -0.01977429 -0.48545954]\n",
      " [ 0.02491805 -0.9994866  -0.02014    -0.69794792]\n",
      " [-0.01927031 -0.02062274  0.9996016  -0.00104414]\n",
      " [ 0.          0.          0.          1.        ]]\n",
      "[[-0.9992047  -0.0342253  -0.02045966 -0.57425833]\n",
      " [ 0.03472515 -0.99909418 -0.02459651 -0.69308275]\n",
      " [-0.01959931 -0.02528742  0.99948808 -0.00137371]\n",
      " [ 0.          0.          0.          1.        ]]\n",
      "[[-9.98986319e-01 -4.02334939e-02 -2.01891130e-02 -6.64048851e-01]\n",
      " [ 4.06642306e-02 -9.98943707e-01 -2.13983883e-02 -6.85772538e-01]\n",
      " [-1.93068554e-02 -2.21976719e-02  9.99567161e-01  4.97965375e-05]\n",
      " [ 0.00000000e+00  0.00000000e+00  0.00000000e+00  1.00000000e+00]]\n",
      "[[-0.51041279 -0.85948886 -0.02752604 -0.72730535]\n",
      " [ 0.85964119 -0.51080903  0.00954779 -0.59654909]\n",
      " [-0.02226677 -0.0187892   0.99957549  0.0036196 ]\n",
      " [ 0.          0.          0.          1.        ]]\n",
      "[[-0.37359074 -0.92724298 -0.02550334 -0.7665022 ]\n",
      " [ 0.92718085 -0.37410347  0.01955157 -0.49190378]\n",
      " [-0.02766994 -0.01634192  0.99948352  0.00394084]\n",
      " [ 0.          0.          0.          1.        ]]\n",
      "[[-0.01983345  0.99948723  0.02513795 -0.00597285]\n",
      " [-0.99934572 -0.01905751 -0.0307399  -0.20860885]\n",
      " [-0.03024507 -0.02573118  0.99921126 -0.00197634]\n",
      " [ 0.          0.          0.          1.        ]]\n",
      "[[-0.02939746  0.99929888  0.02318464 -0.01242352]\n",
      " [-0.99910314 -0.02866874 -0.03116122 -0.31349733]\n",
      " [-0.0304747  -0.02407991  0.99924544 -0.00246663]\n",
      " [ 0.          0.          0.          1.        ]]\n",
      "[[-0.03094745  0.99922781  0.02420809 -0.01660275]\n",
      " [-0.99903976 -0.03017199 -0.03176796 -0.40918121]\n",
      " [-0.03101302 -0.02516798  0.99920206 -0.00345544]\n",
      " [ 0.          0.          0.          1.        ]]\n",
      "[[-0.03311828  0.99908099  0.02720929 -0.02054623]\n",
      " [-0.99903893 -0.03231024 -0.02961865 -0.49897885]\n",
      " [-0.0287123  -0.02816406  0.99919087 -0.00416252]\n",
      " [ 0.          0.          0.          1.        ]]\n",
      "[[-0.03651079  0.99893873  0.02807799 -0.02723807]\n",
      " [-0.99896068 -0.03571561 -0.0283189  -0.60232514]\n",
      " [-0.02728603 -0.02908275  0.99920452 -0.00353154]\n",
      " [ 0.          0.          0.          1.        ]]\n",
      "[[-0.04429348  0.99861613  0.02835331 -0.03369043]\n",
      " [-0.99860897 -0.04344486 -0.02987759 -0.70443082]\n",
      " [-0.02860443 -0.02963725  0.99915135 -0.00389049]\n",
      " [ 0.          0.          0.          1.        ]]\n",
      "[[-9.99485870e-01 -2.33792827e-02 -2.19409541e-02 -1.60396501e-01]\n",
      " [ 2.37545145e-02 -9.99573271e-01 -1.69999681e-02 -7.35106111e-01]\n",
      " [-2.15341442e-02 -1.75124246e-02  9.99614724e-01  1.94475142e-04]\n",
      " [ 0.00000000e+00  0.00000000e+00  0.00000000e+00  1.00000000e+00]]\n",
      "[[-9.85325271e-01 -1.69021583e-01 -2.37868557e-02 -2.57916361e-01]\n",
      " [ 1.69419613e-01 -9.85416747e-01 -1.58376093e-02 -7.15336680e-01]\n",
      " [-2.07630681e-02 -1.96351566e-02  9.99591594e-01 -9.50496818e-04]\n",
      " [ 0.00000000e+00  0.00000000e+00  0.00000000e+00  1.00000000e+00]]\n",
      "[[-9.78151396e-01 -2.06413907e-01 -2.47617595e-02 -3.50463629e-01]\n",
      " [ 2.06805699e-01 -9.78275424e-01 -1.44428750e-02 -6.91363096e-01]\n",
      " [-2.12426105e-02 -1.92481914e-02  9.99589045e-01 -9.21924482e-04]\n",
      " [ 0.00000000e+00  0.00000000e+00  0.00000000e+00  1.00000000e+00]]\n",
      "[[-9.75170959e-01 -2.19689532e-01 -2.78946257e-02 -4.40376967e-01]\n",
      " [ 2.20127009e-01 -9.75375219e-01 -1.36851217e-02 -6.66898072e-01]\n",
      " [-2.42012487e-02 -1.94856938e-02  9.99517187e-01 -2.26472417e-04]\n",
      " [ 0.00000000e+00  0.00000000e+00  0.00000000e+00  1.00000000e+00]]\n",
      "[[-9.72947652e-01 -2.29539050e-01 -2.61665866e-02 -5.40520608e-01]\n",
      " [ 2.29924608e-01 -9.73124460e-01 -1.27851342e-02 -6.40893221e-01]\n",
      " [-2.25286580e-02 -1.84556084e-02  9.99575835e-01  2.13880441e-04]\n",
      " [ 0.00000000e+00  0.00000000e+00  0.00000000e+00  1.00000000e+00]]\n",
      "[[-9.71129108e-01 -2.37496331e-01 -2.24443246e-02 -6.30378425e-01]\n",
      " [ 2.37862066e-01 -9.71178379e-01 -1.53033897e-02 -6.17410541e-01]\n",
      " [-1.81629439e-02 -2.02002206e-02  9.99630961e-01 -3.35922232e-04]\n",
      " [ 0.00000000e+00  0.00000000e+00  0.00000000e+00  1.00000000e+00]]\n",
      "[[ 0.04925239 -0.99876702 -0.00621671 -0.84297627]\n",
      " [ 0.99864537  0.0491399   0.01710837 -0.42168367]\n",
      " [-0.01678178 -0.00705092  0.99983431  0.05661746]\n",
      " [ 0.          0.          0.          1.        ]]\n",
      "[[ 0.17281594 -0.98494999  0.00285915 -0.8255474 ]\n",
      " [ 0.98458422  0.17282986  0.02690256 -0.331902  ]\n",
      " [-0.02699182 -0.00183411  0.99963397  0.05668873]\n",
      " [ 0.          0.          0.          1.        ]]\n"
     ]
    }
   ],
   "source": [
    "data1, prev_data1 = get_transformed_data(data_1)\n",
    "data2, prev_data2 = get_transformed_data(data_2)\n",
    "data3, prev_data3 = get_transformed_data(data_3)\n",
    "data4, prev_data4 = get_transformed_data(data_4)\n",
    "# data5, prev_data5 = get_transformed_data(data_5)\n",
    "data6, prev_data6 = get_transformed_data(data_6)"
   ]
  },
  {
   "cell_type": "code",
   "execution_count": 117,
   "metadata": {},
   "outputs": [
    {
     "data": {
      "text/plain": [
       "[array([-0.00208545, -0.15441442,  0.00305465]),\n",
       " array([-0.00865141, -0.33855294,  0.00310235]),\n",
       " array([-0.01615274, -0.53730312,  0.0024091 ]),\n",
       " array([-0.02667344, -0.72531568,  0.00171967]),\n",
       " array([-0.17070406, -0.82731649,  0.00372292]),\n",
       " array([-0.28900435, -0.69394085,  0.00574168]),\n",
       " array([-0.20819444, -0.46808996,  0.00268993]),\n",
       " array([-0.13717934, -0.56433719,  0.00249638]),\n",
       " array([-0.21283727, -0.74941093,  0.00260631]),\n",
       " array([-0.29253021, -0.91860754,  0.0030944 ]),\n",
       " array([-0.3803655 , -1.09026069,  0.00345684]),\n",
       " array([-0.47699659, -1.26509301,  0.00492444])]"
      ]
     },
     "execution_count": 117,
     "metadata": {},
     "output_type": "execute_result"
    }
   ],
   "source": [
    "data1"
   ]
  },
  {
   "cell_type": "code",
   "execution_count": 118,
   "metadata": {},
   "outputs": [
    {
     "data": {
      "text/plain": [
       "[(-0.003021062118932605, -0.19931358098983765, 0.0001928876299643889),\n",
       " (-0.010442929342389107, -0.3834247291088104, 0.00021907614427618682),\n",
       " (-0.01838838867843151, -0.5821612477302551, -0.0003748241579160094),\n",
       " (-0.02959519624710083, -0.7701291441917419, -0.0011467577423900366),\n",
       " (-0.2155490219593048, -0.8244122862815857, 0.0013787834905087948),\n",
       " (-0.28835153579711914, -0.6490427255630493, 0.0027866584714502096),\n",
       " (-0.16402602195739746, -0.4762798547744751, 2.974539529532194e-05),\n",
       " (-0.1492641568183899, -0.607599139213562, -0.00021677653421647847),\n",
       " (-0.23164506256580353, -0.7902112007141113, 3.6292167351348326e-05),\n",
       " (-0.3124358057975769, -0.9588727355003357, 0.000359248835593462),\n",
       " (-0.4015037715435028, -1.129913330078125, 0.0010399013990536332),\n",
       " (-0.4992305040359497, -1.3041331768035889, 0.0023712434340268373)]"
      ]
     },
     "execution_count": 118,
     "metadata": {},
     "output_type": "execute_result"
    }
   ],
   "source": [
    "prev_data1"
   ]
  },
  {
   "cell_type": "code",
   "execution_count": 119,
   "metadata": {},
   "outputs": [],
   "source": [
    "m7e1 = np.array([\n",
    "    42.2,\n",
    "    60.1,\n",
    "    79.5,\n",
    "    97.6,\n",
    "    103.8,\n",
    "    97.1,\n",
    "    79.9,\n",
    "    82.4,\n",
    "    100.7,\n",
    "    118.3,\n",
    "    136.6,\n",
    "    155.5\n",
    "])/100"
   ]
  },
  {
   "cell_type": "code",
   "execution_count": 120,
   "metadata": {},
   "outputs": [],
   "source": [
    "m7e2 = np.array([\n",
    "    42.6,\n",
    "    61.4,\n",
    "    80.5,\n",
    "    98.5,\n",
    "    102,\n",
    "    94.9,\n",
    "    99.6,\n",
    "    91.8,\n",
    "    110,\n",
    "    128.2,\n",
    "    146.5,\n",
    "    165.5\n",
    "])/100."
   ]
  },
  {
   "cell_type": "code",
   "execution_count": 121,
   "metadata": {},
   "outputs": [],
   "source": [
    "m7e3 = np.array([\n",
    "    42.7,\n",
    "    62.3,\n",
    "    81.7,\n",
    "    100.7,\n",
    "    106.9,\n",
    "    95.8,\n",
    "    88.1,\n",
    "    89.2,\n",
    "    108.1,\n",
    "    125.1,\n",
    "    143.6,\n",
    "    162.2\n",
    "])/100."
   ]
  },
  {
   "cell_type": "code",
   "execution_count": 136,
   "metadata": {},
   "outputs": [],
   "source": [
    "def plt_exp(data, gt, initial_y, data2=None):\n",
    "    base_x=data[0][0]\n",
    "    base_y=data[0][1]\n",
    "    t1_pos=[base_x,initial_y]\n",
    "    points=[]\n",
    "    for idx in range(len(data)):\n",
    "        x=data[idx][0]\n",
    "        y=data[idx][1]\n",
    "        points.append([x,y])\n",
    "        plt.scatter(x,y, color=\"blue\", s=10)\n",
    "        plt.text(x, y, str(idx+1), fontsize=10, color=\"red\")\n",
    "    plt.scatter(t1_pos[0], t1_pos[1], color=\"red\", s=10)\n",
    "    \n",
    "    err=[]\n",
    "    for measuredDist, slamLoc in zip(gt, points):\n",
    "        dist= ((slamLoc[0]-t1_pos[0])**2+(slamLoc[1]-t1_pos[1])**2)**0.5\n",
    "        real_dist=(0.05**2+dist**2)**0.5\n",
    "        # print(f\"measuredDist: {measuredDist}, Slamdist: {dist}\")\n",
    "        err.append((measuredDist-real_dist))\n",
    "    \n",
    "    if data2 is not None:\n",
    "        points2=[]\n",
    "        err2=[]\n",
    "        for idx in range(len(data2)):\n",
    "            x=data2[idx][0]\n",
    "            y=data2[idx][1]#+0.04\n",
    "            points2.append([x,y])\n",
    "            plt.scatter(x,y,marker='x', color=\"red\", s=10)\n",
    "            plt.text(x, y, str(idx+1), fontsize=10, color=\"red\")\n",
    "\n",
    "    ax = plt.gca()\n",
    "    ax.set_aspect('equal', adjustable='box')\n",
    "    plt.title(\"Rover location\")\n",
    "    plt.show()\n",
    "\n",
    "\n",
    "    plt.plot(range(1,len(err)+1),err, '.')\n",
    "    plt.ylim([-0.15,0.10])\n",
    "    plt.xlabel(\"Exp stop number\")\n",
    "    plt.ylabel(\"Error\")\n",
    "    plt.grid()\n",
    "    \n",
    "    if data2 is not None:\n",
    "\n",
    "        for measuredDist, slamLoc in zip(gt, points2):\n",
    "            dist= ((slamLoc[0]-t1_pos[0])**2+(slamLoc[1]-t1_pos[1])**2)**0.5\n",
    "            real_dist=(0.05**2+dist**2)**0.5\n",
    "            err2.append((measuredDist-real_dist))\n",
    "            plt.plot(range(1,len(err2)+1),err2, 'x')\n",
    "\n",
    "\n",
    "    plt.show()"
   ]
  },
  {
   "cell_type": "code",
   "execution_count": 137,
   "metadata": {},
   "outputs": [
    {
     "data": {
