{
 "cells": [
  {
   "cell_type": "code",
   "execution_count": 1,
   "id": "0391c0e2",
   "metadata": {},
   "outputs": [],
   "source": [
    "import json\n",
    "from matplotlib import pyplot as plt\n",
    "import numpy as np\n",
    "from scipy.spatial.transform import Rotation"
   ]
  },
  {
   "cell_type": "code",
   "execution_count": 2,
   "id": "7e94f9e8",
   "metadata": {},
   "outputs": [],
   "source": [
    "PVC_H=104.5/100\n",
    "BLACK_H=115/100"
   ]
  },
  {
   "cell_type": "code",
   "execution_count": 3,
   "id": "c57a00d0",
   "metadata": {},
   "outputs": [],
   "source": [
    "# load json data from a file\n",
    "def load_json(file_path):\n",
    "    with open(file_path, 'r') as file:\n",
    "        data = json.load(file)\n",
    "    return [\n",
    "        (\n",
    "            (\n",
    "                t[\"odom\"][\"pose\"][\"pose\"]['position']['x'],\n",
    "                t[\"odom\"][\"pose\"][\"pose\"]['position']['y'],\n",
    "                t[\"odom\"][\"pose\"][\"pose\"]['position']['z']\n",
    "            ),\n",
    "            (\n",
    "                t[\"odom\"][\"pose\"][\"pose\"]['orientation']['x'],\n",
    "                t[\"odom\"][\"pose\"][\"pose\"]['orientation']['y'],\n",
    "                t[\"odom\"][\"pose\"][\"pose\"]['orientation']['z'],\n",
    "                t[\"odom\"][\"pose\"][\"pose\"]['orientation']['w']\n",
    "            ),\n",
    "    \n",
    "        ) for t in data \n",
    "    ]"
   ]
  },
  {
   "cell_type": "code",
   "execution_count": null,
   "id": "012fdf78",
   "metadata": {},
   "outputs": [],
   "source": [
    "def get_transform_mat(data):\n",
    "    pose = data[0]\n",
    "    rotation = Rotation.from_quat(data[1]).as_matrix()\n",
    "    \n",
    "    ret = np.eye(4)\n",
    "    ret[:3,:3] = rotation\n",
    "    ret[:3,3] = pose\n",
    "    print(ret)\n",
    "    return ret\n",
    "\n",
    "def get_transformed_data(data_1):\n",
    "    init_pos = np.array([-0.045, 0.0, 0, 1])\n",
    "    data0 = [(get_transform_mat(x)@init_pos)[:3] for x in data_1]\n",
    "    data1 = [x[0] for x in data_1]\n",
    "    return data0, data1\n",
    "\n",
    "def plt_exp(data, gt, initial_y, data2=None):\n",
    "    plt.figure(figsize=(12,5)) \n",
    "    base_x=data[0][0]\n",
    "    base_y=data[0][1]\n",
    "    \n",
    "    #Initial distance between t1 and t2\n",
    "    t1_pos=np.array([-initial_y,base_y])\n",
    "    dist=np.linalg.norm(t1_pos-np.array([data[0][0],data[0][1]]))\n",
    "    print(dist)\n",
    "    plt.subplot(1,2,1)\n",
    "    points=[]\n",
    "    for idx in range(len(data)):\n",
    "        x=data[idx][0]\n",
    "        y=data[idx][1]\n",
    "        points.append([x,y])\n",
    "        plt.scatter(x,y, color=\"blue\", s=10)\n",
    "        plt.text(x, y, str(idx+1), fontsize=10, color=\"red\")\n",
    "    plt.scatter(t1_pos[0], t1_pos[1], color=\"red\", s=10)\n",
    "    \n",
    "    err=[]\n",
    "    for measuredDist, slamLoc in zip(gt, points):\n",
    "        # dist= ((slamLoc[0]-t1_pos[0])**2+(slamLoc[1]-t1_pos[1])**2)**0.5\n",
    "        # real_dist=(0.05**2+dist**2)**0.5\n",
    "        # err.append((measuredDist-real_dist))\n",
    "        \n",
    "        dist=np.linalg.norm(np.array(slamLoc)-np.array(t1_pos))\n",
    "        err.append((measuredDist-dist))\n",
    "    \n",
    "    if data2 is not None:\n",
    "        points2=[]\n",
    "        err2=[]\n",
    "        for idx in range(len(data2)):\n",
    "            x=data2[idx][0]\n",
    "            y=data2[idx][1]#+0.04\n",
    "            points2.append([x,y])\n",
    "            plt.scatter(x,y,marker='x', color=\"red\", s=10)\n",
    "            plt.text(x, y, str(idx+1), fontsize=10, color=\"red\")\n",
    "\n",
    "    ax = plt.gca()\n",
    "    ax.set_aspect('equal', adjustable='box')\n",
    "    plt.title(\"Rover location\")\n",
    "    \n",
    "    plt.subplot(1,2,2)\n",
    "\n",
    "    plt.plot(range(1,len(err)+1),err, '.')\n",
    "    # plt.ylim([-0.15,0.10])\n",
    "    plt.xlabel(\"Exp stop number\")\n",
    "    plt.ylabel(\"Error\")\n",
    "    plt.grid()\n",
    "    \n",
    "    if data2 is not None:\n",
    "\n",
    "        for measuredDist, slamLoc in zip(gt, points2):\n",
    "            # dist= ((slamLoc[0]-t1_pos[0])**2+(slamLoc[1]-t1_pos[1])**2)**0.5\n",
    "            # real_dist=(0.05**2+dist**2)**0.5\n",
    "            # err2.append((measuredDist-real_dist))\n",
    "            \n",
    "            dist=np.linalg.norm(np.array(slamLoc)-np.array(t1_pos))\n",
    "            err2.append((measuredDist-dist))\n",
    "            plt.plot(range(1,len(err2)+1),err2, 'x')\n",
    "\n",
    "\n",
    "    plt.show()"
   ]
  },
  {
   "cell_type": "code",
   "execution_count": 5,
   "id": "0f2799c8",
   "metadata": {},
   "outputs": [
    {
     "name": "stdout",
     "output_type": "stream",
     "text": [
      "[[ 0.99982117  0.01831359  0.00471663  0.11075947]\n",
      " [-0.01841558  0.99957555  0.02257422 -0.02901379]\n",
      " [-0.00430122 -0.02265704  0.99973404 -0.03570147]\n",
      " [ 0.          0.          0.          1.        ]]\n",
      "[[ 0.9996856   0.0235893  -0.00850032  0.30682629]\n",
      " [-0.02351674  0.99968699  0.00853736 -0.03768892]\n",
      " [ 0.00869905 -0.00833477  0.99992743 -0.07164614]\n",
      " [ 0.          0.          0.          1.        ]]\n",
      "[[ 0.99874173  0.04875075 -0.01176088  0.48504803]\n",
      " [-0.0486824   0.99879611  0.00602946 -0.04333446]\n",
      " [ 0.01204066 -0.00544933  0.99991266 -0.08381611]\n",
      " [ 0.          0.          0.          1.        ]]\n",
      "[[ 9.97293481e-01  7.35235328e-02 -5.14579420e-05  7.49379396e-01]\n",
      " [-7.35232129e-02  9.97290775e-01  2.33380165e-03 -4.01546322e-02]\n",
      " [ 2.22907873e-04 -2.32370182e-03  9.99997275e-01 -1.27949836e-02]\n",
      " [ 0.00000000e+00  0.00000000e+00  0.00000000e+00  1.00000000e+00]]\n",
      "[[ 0.13583316  0.98989457 -0.04071979  0.80953962]\n",
      " [-0.98779216  0.13847948  0.07134485 -0.19043131]\n",
      " [ 0.07626273  0.0305317   0.99662019 -0.00911016]\n",
      " [ 0.          0.          0.          1.        ]]\n",
      "[[-0.11393716  0.9928587  -0.03535435  0.78036577]\n",
      " [-0.99011204 -0.11054691  0.08635693 -0.38331148]\n",
      " [ 0.08183191  0.04484403  0.99563676 -0.00790354]\n",
      " [ 0.          0.          0.          1.        ]]\n",
      "[[-0.1100753   0.99326199 -0.03624986  0.78569603]\n",
      " [-0.99114937 -0.10697217  0.07861223 -0.57560009]\n",
      " [ 0.07420481  0.04458229  0.99624599  0.00280729]\n",
      " [ 0.          0.          0.          1.        ]]\n",
      "[[-0.131171    0.99090733 -0.02994722  0.77106714]\n",
      " [-0.98852371 -0.12845272  0.07950327 -0.7700209 ]\n",
      " [ 0.07493357  0.04003206  0.99638466  0.00868629]\n",
      " [ 0.          0.          0.          1.        ]]\n",
      "[[-0.15008955  0.98825883 -0.02859383  0.74406981]\n",
      " [-0.98514036 -0.1470483   0.08874271 -0.93274188]\n",
      " [ 0.08349609  0.04148829  0.99564408  0.01128735]\n",
      " [ 0.          0.          0.          1.        ]]\n",
      "[[-0.99321822 -0.01594463 -0.11516656  0.1010766 ]\n",
      " [ 0.02680428 -0.99527046 -0.09337157  0.54903889]\n",
      " [-0.1131331  -0.0958253   0.98894813  0.51242518]\n",
      " [ 0.          0.          0.          1.        ]]\n",
      "[[-0.96677885 -0.23219991 -0.10687312 -0.07790159]\n",
      " [ 0.24291934 -0.96473015 -0.10141954  0.58774573]\n",
      " [-0.07955411 -0.12401182  0.98908655  0.49844453]\n",
      " [ 0.          0.          0.          1.        ]]\n",
      "[[-0.9573889  -0.26647945 -0.11133373 -0.26953924]\n",
      " [ 0.27767837 -0.95532416 -0.1012446   0.64189446]\n",
      " [-0.07938019 -0.12784543  0.98861233  0.48178136]\n",
      " [ 0.          0.          0.          1.        ]]\n",
      "[[ 0.05253817 -0.99429354 -0.09284444 -0.29869068]\n",
      " [ 0.98087991  0.06882749 -0.18203673  0.75896567]\n",
      " [ 0.1873882  -0.08150537  0.97889864  0.48992568]\n",
      " [ 0.          0.          0.          1.        ]]\n",
      "[[ 0.28781733 -0.95340701 -0.09042262 -0.24452309]\n",
      " [ 0.93380779  0.30033974 -0.19441976  0.95118463]\n",
      " [ 0.21251867 -0.02847997  0.97674188  0.53225815]\n",
      " [ 0.          0.          0.          1.        ]]\n",
      "[[ 0.32267049 -0.9424369  -0.08772942 -0.17120416]\n",
      " [ 0.92125901  0.33397689 -0.19935212  1.14490414]\n",
      " [ 0.21717639 -0.01649647  0.97599297  0.59183478]\n",
      " [ 0.          0.          0.          1.        ]]\n",
      "[[ 0.35073025 -0.93251728 -0.08602217 -0.09655131]\n",
      " [ 0.91204598  0.36098105 -0.19458883  1.32650435]\n",
      " [ 0.21250982 -0.01020799  0.97710561  0.62730223]\n",
      " [ 0.          0.          0.          1.        ]]\n",
      "[[ 0.37183301 -0.9236291  -0.09300266 -0.01598125]\n",
      " [ 0.90179508  0.38316843 -0.19986893  1.51821578]\n",
      " [ 0.22024045 -0.00955148  0.97539885  0.65156478]\n",
      " [ 0.          0.          0.          1.        ]]\n",
      "[[ 0.97860145  0.1296822  -0.15975523  0.08282718]\n",
      " [-0.16121316  0.96568301 -0.2036336   1.51767898]\n",
      " [ 0.12786525  0.22503078  0.96592527  0.67851037]\n",
      " [ 0.          0.          0.          1.        ]]\n",
      "[[ 0.99979311  0.01948601 -0.00583346  0.16450064]\n",
      " [-0.01954132  0.99976314 -0.00958093 -0.01045803]\n",
      " [ 0.00564538  0.00969294  0.99993709 -0.04857399]\n",
      " [ 0.          0.          0.          1.        ]]\n",
      "[[ 0.99975171  0.02219189  0.00201113  0.31956866]\n",
      " [-0.02217112  0.99970597 -0.00981946 -0.0547035 ]\n",
      " [-0.00222845  0.00977243  0.99994977 -0.02990264]\n",
      " [ 0.          0.          0.          1.        ]]\n",
      "[[ 0.99936097  0.03557125  0.00351264  0.50219434]\n",
      " [-0.0355444   0.99934047 -0.00743054 -0.04860412]\n",
      " [-0.00377464  0.00730094  0.99996622 -0.03081135]\n",
      " [ 0.          0.          0.          1.        ]]\n",
      "[[ 0.99826119  0.05887842 -0.00281533  0.68118525]\n",
      " [-0.05889713  0.99823879 -0.00710212 -0.05915946]\n",
      " [ 0.00239221  0.00725558  0.99997082 -0.03432474]\n",
      " [ 0.          0.          0.          1.        ]]\n",
      "[[ 0.18456844  0.98214597 -0.03638392  0.846775  ]\n",
      " [-0.98034789  0.18660194  0.06401353 -0.15624419]\n",
      " [ 0.06965994  0.02385402  0.99728556 -0.00612018]\n",
      " [ 0.          0.          0.          1.        ]]\n",
      "[[ 0.00818043  0.99948665 -0.03097617  0.82617676]\n",
      " [-0.99775642  0.01021684  0.06616447 -0.34236231]\n",
      " [ 0.06644699  0.03036542  0.9973278   0.01840545]\n",
      " [ 0.          0.          0.          1.        ]]\n",
      "[[ 0.00540925  0.99935278 -0.03556336  0.79597688]\n",
      " [-0.99731138  0.00799043  0.07284339 -0.56059557]\n",
      " [ 0.07308041  0.03507372  0.99670913  0.00331917]\n",
      " [ 0.          0.          0.          1.        ]]\n",
      "[[-0.01154271  0.99957971 -0.02659283  0.80207306]\n",
      " [-0.99821984 -0.00996259  0.05880381 -0.75097507]\n",
      " [ 0.05851417  0.02722425  0.99791529  0.03230525]\n",
      " [ 0.          0.          0.          1.        ]]\n",
      "[[-0.02111123  0.99946045 -0.02516193  0.81400007]\n",
      " [-0.99809503 -0.01960972  0.05849591 -0.92500985]\n",
      " [ 0.05797093  0.02634892  0.99797049  0.06725655]\n",
      " [ 0.          0.          0.          1.        ]]\n",
      "[[-0.96961327  0.24011482  0.04685067  0.64520657]\n",
      " [-0.2349154  -0.96729221  0.09571066 -1.04975617]\n",
      " [ 0.06829984  0.08179638  0.99430603  0.07253978]\n",
      " [ 0.          0.          0.          1.        ]]\n",
      "[[-0.99850211  0.02483112  0.04875402  0.45432165]\n",
      " [-0.02041049 -0.9958078   0.08916412 -1.05531263]\n",
      " [ 0.05076367  0.08803547  0.994823    0.08233432]\n",
      " [ 0.          0.          0.          1.        ]]\n",
      "[[-0.99897731 -0.01477269  0.04273288  0.24930407]\n",
      " [ 0.01862583 -0.9956562   0.09122396 -1.0617615 ]\n",
      " [ 0.04119963  0.0919266   0.99491311  0.09639644]\n",
      " [ 0.          0.          0.          1.        ]]\n",
      "[[-0.15785389 -0.98463552  0.07466617  0.18114917]\n",
      " [ 0.98745387 -0.15708489  0.01609927 -0.95044619]\n",
      " [-0.00412299  0.07627073  0.99707862  0.10032107]\n",
      " [ 0.          0.          0.          1.        ]]\n",
      "[[ 0.01389565 -0.9976878   0.06652796  0.18376707]\n",
      " [ 0.99986462  0.01445068  0.00786883 -0.77022344]\n",
      " [-0.00881201  0.06640961  0.99775353  0.08052737]\n",
      " [ 0.          0.          0.          1.        ]]\n",
      "[[ 0.03543206 -0.99732353  0.06395582  0.19311494]\n",
      " [ 0.99933497  0.03590969  0.00633383 -0.6044597 ]\n",
      " [-0.00861351  0.06368887  0.99793263  0.08160812]\n",
      " [ 0.          0.          0.          1.        ]]\n",
      "[[ 0.05118142 -0.99633134  0.06858804  0.19021073]\n",
      " [ 0.99863742  0.05175842  0.00666089 -0.41208643]\n",
      " [-0.01018647  0.06815367  0.99762283  0.0691168 ]\n",
      " [ 0.          0.          0.          1.        ]]\n",
      "[[ 0.06272492 -0.99548669  0.07121687  0.1650615 ]\n",
      " [ 0.99773313  0.06428919  0.01988714 -0.1902477 ]\n",
      " [-0.02437586  0.06980801  0.99726258  0.0759382 ]\n",
      " [ 0.          0.          0.          1.        ]]\n",
      "[[ 0.99384549 -0.1097095   0.01532863  0.35581797]\n",
      " [ 0.10978864  0.99394514 -0.00441826 -0.13844797]\n",
      " [-0.01475109  0.00607398  0.99987275  0.01344183]\n",
      " [ 0.          0.          0.          1.        ]]\n",
      "[[ 9.99066218e-01  4.31906454e-02  1.12221695e-03  1.59812242e-01]\n",
      " [-4.32046805e-02  9.98846683e-01  2.09442126e-02 -8.14658850e-02]\n",
      " [-2.16328613e-04 -2.09731403e-02  9.99780016e-01  1.30870864e-02]\n",
      " [ 0.00000000e+00  0.00000000e+00  0.00000000e+00  1.00000000e+00]]\n",
      "[[ 0.99643474  0.08410242 -0.00667715  0.42198741]\n",
      " [-0.08401509  0.99638695  0.01243012 -0.04761843]\n",
      " [ 0.00769843 -0.01182482  0.99990045  0.02136465]\n",
      " [ 0.          0.          0.          1.        ]]\n",
      "[[ 0.99494472  0.10029755  0.00504121  0.60717124]\n",
      " [-0.10035364  0.99487347  0.01248714 -0.08412893]\n",
      " [-0.00376294 -0.01292991  0.99990932  0.02113306]\n",
      " [ 0.          0.          0.          1.        ]]\n",
      "[[ 0.99669805  0.08040225  0.01133472  0.713857  ]\n",
      " [-0.08036384  0.99675833 -0.00380497 -0.15323903]\n",
      " [-0.01160391  0.00288151  0.99992852  0.04661208]\n",
      " [ 0.          0.          0.          1.        ]]\n",
      "[[ 0.15875441  0.98661002 -0.03738593  0.8250646 ]\n",
      " [-0.98426885  0.16112432  0.07248303 -0.21065859]\n",
      " [ 0.07753627  0.02529081  0.9966687   0.01149339]\n",
      " [ 0.          0.          0.          1.        ]]\n",
      "[[-0.02399345  0.99908199 -0.03548925  0.80800903]\n",
      " [-0.99654356 -0.02107819  0.08035328 -0.39608315]\n",
      " [ 0.07953147  0.03729453  0.99613446  0.02050013]\n",
      " [ 0.          0.          0.          1.        ]]\n",
      "[[-0.06084938  0.99751001 -0.03565308  0.78683347]\n",
      " [-0.99540979 -0.05800033  0.07612698 -0.59992647]\n",
      " [ 0.07386954  0.04012171  0.99646051  0.02693186]\n",
      " [ 0.          0.          0.          1.        ]]\n",
      "[[-0.08085857  0.99610254 -0.03523675  0.75887769]\n",
      " [-0.99473933 -0.07841625  0.06591323 -0.76955491]\n",
      " [ 0.0628932   0.04038103  0.997203    0.05849069]\n",
      " [ 0.          0.          0.          1.        ]]\n",
      "[[-0.09098412  0.9953095  -0.03287686  0.75025594]\n",
      " [-0.99341375 -0.08840289  0.07289755 -0.96427917]\n",
      " [ 0.06964921  0.03929285  0.9967974   0.06590734]\n",
      " [ 0.          0.          0.          1.        ]]\n",
      "[[-0.9838121   0.17577975  0.03486027  0.5769406 ]\n",
      " [-0.17157163 -0.98008611  0.09997201 -1.03209817]\n",
      " [ 0.05173913  0.09237264  0.99437938  0.08723804]\n",
      " [ 0.          0.          0.          1.        ]]\n",
      "[[-0.99545286 -0.08727148  0.03817455  0.39528841]\n",
      " [ 0.09056102 -0.99132977  0.09520501 -1.0181632 ]\n",
      " [ 0.02953488  0.09822923  0.99472544  0.09126405]\n",
      " [ 0.          0.          0.          1.        ]]\n",
      "[[-0.99256747 -0.11667127  0.03460693  0.21757476]\n",
      " [ 0.1194902  -0.98823632  0.09545193 -0.98803598]\n",
      " [ 0.02306333  0.09887767  0.99483229  0.10415109]\n",
      " [ 0.          0.          0.          1.        ]]\n",
      "[[-0.09994573 -0.99248401  0.07061398  0.15008734]\n",
      " [ 0.99493873 -0.0989478   0.01750028 -0.85223532]\n",
      " [-0.01038165  0.07200566  0.99735019  0.08588038]\n",
      " [ 0.          0.          0.          1.        ]]\n",
      "[[ 0.27467305 -0.96006549  0.05318811  0.19470236]\n",
      " [ 0.96144414  0.2749974  -0.001265   -0.66993266]\n",
      " [-0.01341211  0.05148486  0.99858371  0.0834366 ]\n",
      " [ 0.          0.          0.          1.        ]]\n",
      "[[ 0.34066526 -0.93877184  0.05152294  0.2388124 ]\n",
      " [ 0.94017103  0.34044346 -0.01329245 -0.48848999]\n",
      " [-0.00506207  0.05296865  0.99858335  0.05763416]\n",
      " [ 0.          0.          0.          1.        ]]\n",
      "[[ 0.35644402 -0.93269952  0.0549479   0.30829361]\n",
      " [ 0.93426383  0.35643249 -0.0103433  -0.3329758 ]\n",
      " [-0.00993803  0.05502265  0.99843565  0.06956211]\n",
      " [ 0.          0.          0.          1.        ]]\n",
      "[[ 0.36967757 -0.92773829  0.05138256  0.37339604]\n",
      " [ 0.92886177  0.37039461  0.00486351 -0.15417404]\n",
      " [-0.02354389  0.04592936  0.9986672   0.06855266]\n",
      " [ 0.          0.          0.          1.        ]]\n",
      "[[ 9.81019275e-01  1.93909076e-01 -6.72253388e-04  5.69824934e-01]\n",
      " [-1.93910177e-01  9.81010220e-01 -4.21795369e-03 -1.98050544e-01]\n",
      " [-1.58412059e-04  4.26825064e-03  9.99990878e-01  1.88659653e-02]\n",
      " [ 0.00000000e+00  0.00000000e+00  0.00000000e+00  1.00000000e+00]]\n"
     ]
    }
   ],
   "source": [
    "data_1=load_json('Oct6_1.json')\n",
    "data_2=load_json('Oct6_2.json')\n",
    "data_3=load_json('Oct6_3.json')\n",
    "\n",
    "data1, prev_data1 = get_transformed_data(data_1)\n",
    "data2, prev_data2 = get_transformed_data(data_2)\n",
    "data3, prev_data3 = get_transformed_data(data_3)\n",
    "\n",
    "\n",
    "\n",
    "o6e1 = np.array([42, 61.2, 79.1,98.4,\n",
    "    104.2, 106.4, 111.6, 119.2, 128.1,\n",
    "    125.8, 107, 87.9, 82.9, 79.5,\n",
    "    82.3, 89.3, 99.4, 104.3\n",
    "])/100\n",
    "\n",
    "o6e2 = np.array([43.9, 63.3, 82.3,101.8,\n",
    "    107.6, 111.3, 117.7, 126.8, 137.7,\n",
    "    137.8, 126.1, 114.6, 109.9, 93.8,\n",
    "    79.2, 66.9, 59.5, 60.5\n",
    "])/100\n",
    "\n",
    "o6e3 = np.array([42.3, 61.7, 81.7,101.2,\n",
    "    105.9, 109.5, 115.7, 124, 134.5,\n",
    "    133.7, 121.6, 109.6, 102.8, 89.2,\n",
    "    80.3, 75.4, 75.2, 80.6\n",
    "])/100"
   ]
  },
  {
   "cell_type": "code",
   "execution_count": 6,
   "id": "ba238fec",
   "metadata": {},
   "outputs": [
    {
     "data": {
      "text/plain": [
       "18"
      ]
     },
     "execution_count": 6,
     "metadata": {},
     "output_type": "execute_result"
    }
   ],
   "source": [
    "len(data_3)\n"
   ]
  },
  {
   "cell_type": "code",
   "execution_count": 14,
   "id": "4764a30c",
   "metadata": {},
   "outputs": [
    {
     "name": "stdout",
     "output_type": "stream",
     "text": [
      "0.37485426196393523\n"
     ]
    },
    {
     "data": {
